{
    "acc": 0.7946718648473035,
    "recall": 0.7962239583333334,
    "f1": 0.7954471544715448,
    "loss": 7.29802081698463,
    "checkoutpoint": 2200,
    "epoch": 1
}